0.81651287874511      98.999999964755
1.3165092465871      71.726480339818
1.8165097644024      57.679052170594
2.3165103008442      48.898222489308
2.81651274836      42.802575947528
3.3165143614107      38.281285584544
3.8165115152889      34.770797871344
4.3165153821402      31.95212779741
4.816516469925      29.630178016715
5.316512606799      27.6782601218
5.8165117499822      26.01021358379
6.3165142384761      24.565271783308
6.8165104610317      23.299251032211
7.3165100177222      22.179129236628
7.8165099581176      21.179745732305
8.3165108950281      20.2815383137
8.8165137262487      19.469053089629
9.3165128396296      18.72991535341
9.8165134915554      18.054066901587
10.316514951869      17.433260316142
10.816508786514      16.860665687487
11.316511364415      16.330541591059
11.816511081293      15.838072679899
12.316511759295      15.379150337898
12.816513849183      14.950260855695
13.316510230064      14.548383339712
13.816512852668      14.170885694613
13.816512852668      14.170885694613
14.816508665442      13.480197255574
15.316510125756      13.163240778583
15.816512088983      12.863069888315
16.316510183497      12.578308144965
16.81650906591      12.307724958127
16.87922554998      12.274729462755
17.816513654537      11.804817159907
18.316513032413      11.570627223532
18.816510402358      11.346853317572
19.316507971024      11.132772299683
19.816510627156      10.927727214213
20.316508512588      10.731126458004
20.816508731449      10.542424194676
21.316510936821      10.36112455883
21.816512575949      10.186774260192
22.316508643439      10.018958136961
22.816511606907      9.8572888593488
23.316508444136      9.7014177243808
23.816511815524      9.5510151234033
24.316508655546      9.4057839626373
24.816512816696      9.2654415157802
25.316508041455      9.1297338654086
25.816507959383      8.9984172092264
26.316509111429      8.8712692651259
26.816510186175      8.7480824238148
27.316511404345      8.6286626747221
27.816508360317      8.5128298918558
28.316509619465      8.4004127207221
28.816510258353      8.2912537424604
29.316508831567      8.185204628386
29.816508751473      8.0821251941124
30.316511802486      7.9818841130516
30.816509524471      7.8843598805309
31.316508053447      7.7894353122346
31.816511890496      7.6970003480248
32.316510240192      7.6069539444452
32.816511786187      7.5191972540678
33.316511790378      7.4336392191803
33.816509191057      7.3501930891873
34.316512737533      7.268775174362
34.816511470935      7.1893093578068
35.3165116721      7.1117207662836
35.816511698177      7.0359395961183
36.316511683276      6.9618993052785
36.816512558719      6.8895365597382
37.316509625053      6.8187919372434
37.816508130048      6.7496075157322
38.31651149026      6.6819284243383
38.816512600396      6.6157037852827
39.316508469515      6.5508845348015
39.816511140548      6.4874219710591
40.316511315637      6.4252722931074
40.816510676749      6.3643923057676
41.316509598278      6.3047408965906
41.816511025064      6.246278463413
42.31651264184      6.1889677322387
42.816512664192      6.1327729598041
43.316507939709      6.0776600611948
43.816511817736      6.0235946016474
44.316508327139      5.970546703513
44.816512693179      5.9184844392778
45.316512812388      5.8673799951509
45.81651257397      5.8172050417609
46.316513192368      5.7679326471583
46.816508322948      5.7195376649191
47.316510679194      5.671994109396
47.816508029581      5.6252793409118
48.316509804682      5.5793695732346
48.816509719001      5.5342433477491
49.316509668709      5.4898792679371
49.816511885257      5.4462567021648
50.316512656392      5.4033562832566
50.816509272897      5.3611592506485
51.316508902231      5.3196466953529
51.816509312013      5.2788011573546
52.316511517385      5.2386055252127
52.816508137615      5.1990439437297
53.316512693645      5.1600994723322
53.816509663122      5.1217579874318
54.316512222396      5.0840036599464
54.816510024475      5.0468229540311
55.316510955797      5.0102014370476
55.81650995742      4.9741260936298
56.316508690821      4.9385838489277
56.816511209117      4.9035618874832
57.316508392798      4.8690487143316
57.816508404905      4.8350320160916
58.316508720623      4.8015005929139
58.81650850735      4.7684434791502
59.316508919926      4.7358499185593
59.816509280348      4.7037096039238
60.316510114813      4.6720124648809
60.816512696439      4.640748689509
61.316508037731      4.6099093901503
61.816508420039      4.5794846444021
62.316509917606      4.5494658065696
62.816511284787      4.5198443202535
63.316512938816      4.4906117788301
63.816509789083      4.4617603338397
64.316513208899      4.43328142246
64.816510234255      4.4051680988457
65.316508231679      4.3774124744275
65.816512906918      4.3500069804125
66.316508307116      4.3229454293266
66.816512557672      4.2962199743994
67.316512907849      4.2698246241053
67.816509335296      4.2437528746972
68.316510085942      4.2179979739519
68.816510003986      4.1925540367808
69.316512667568      4.1674148918118
69.816512980492      4.142574962115
70.316513751628      4.1180284252265
70.816510885017      4.0937699455559
71.316514818923      4.0697936278643
71.816511339502      4.0460948995916
72.316511466162      4.0226681149787
72.816508945072      3.9995085766482
73.316512506449      3.976611016668
73.816511850798      3.9539711629096
74.316514138126      3.9315840620984
74.816510448226      3.9094455968788
75.3165120352      3.887550863957
75.816510885948      3.8658959182691
76.316512335086      3.8444763341992
76.816509518766      3.8232883104191
77.31651264056      3.802327418644
77.816509678954      3.7815902600221
78.316510273138      3.7610726218088
78.816508400248      3.7407710293893
79.316512252198      3.7206815158487
79.816509759979      3.7008010129838
80.316512773739      3.6811255775137
80.81650905683      3.6616522975379
81.316512137646      3.6423773300657
81.81650803354      3.6232979722085
82.316509382095      3.6044105712719
82.816514545347      3.5857120952191
83.316514634754      3.5671998447874
83.816509488266      3.5488708557212
84.316509312246      3.5307218537405
84.8165128997      3.5127500500955
85.316508647747      3.494953083475
85.816508927144      3.4773277949903
86.316508763231      3.4598717030484
86.816514559783      3.4425819839736
87.316511065461      3.4254566153485
87.816514425672      3.408492548072
88.316511419363      3.3916877879311
88.816510391183      3.3750396598403
89.31651002983      3.358545865336
89.816511087812      3.3422040850618
90.316512890853      3.3260120931797
90.816512298532      3.3099677872478
91.316511870123      3.2940689250477
91.816512589104      3.2783133599266
92.31651362846      3.2626990446842
92.816512842424      3.247224012821
93.31651298026      3.2318861859813
93.816510800965      3.2166837091257
94.316512600281      3.2016144756201
94.816510566272      3.1866768421785
95.316511791893      3.171868754048
95.816515114851      3.1571884403888
96.31651105056      3.1426344047759
96.816511933454      3.1282045479791
97.316511426814      3.1138973477331
97.816514250584      3.0997109952222
98.316513814725      3.085644034247
98.816510050319      3.0716948517321
99.316513417982      3.0578615742993
101.45392321467	     3.0
